-0.334812322652960	4.45578585825067	0.175281231117096	-5.23287519885165
-0.835462012612514	-0.995182112799240	2.14719730227192
			7.66756373957409	-0.954556719285505	-8.29353860963625
			-0.526524429765530	2.61527018324564


1.09812366436025	2.01168107247105	0.607309977923759	-1.68547519557775
0.938597168238053	0.256945943409841	1.24350263274312
			-8.61938130841199	4.35548027956215	8.45170513389144
			-0.266460104255343	0.714340922157835

-7.42681639778168	4.69705831544784	-0.206191886953303	-10.1097335906320
-8.39270506851204	-5.83376468522241	3.60471887395746
			76.0334023512781	-25.3088394143025	-78.0911038673645
			-1.11953179159263	8.31737695958144